45.57564000000001,-122.67953000000001
45.57564166666666,-122.67952166666667
45.57564000000001,-122.67952166666667
45.57564000000001,-122.67951666666667
45.57564000000001,-122.67951833333333
45.57564000000001,-122.67951833333333
45.57564000000001,-122.67951999999998
45.57564000000001,-122.67951999999998
45.57564000000001,-122.67951999999998
45.57564000000001,-122.67952166666667
45.57564000000001,-122.67952166666667
45.57564000000001,-122.67952333333332
45.57564000000001,-122.67952333333332
45.57571500000001,-122.67945
45.575709999999994,-122.67945666666668
45.57570666666667,-122.67945333333334
45.57570333333333,-122.67945333333334
45.57570333333333,-122.67945166666665
45.57570333333333,-122.67945166666665
45.57570333333333,-122.67945166666665
45.575705,-122.67945
45.575705,-122.67945166666665
45.575705,-122.67945333333334
45.57570666666667,-122.67945333333334
45.57570666666667,-122.67945499999999
45.57570666666667,-122.67945499999999
45.57570666666667,-122.67945666666668
45.57570666666667,-122.67945666666668
45.57570666666667,-122.67945666666668
45.57570666666667,-122.67945666666668
45.575708333333324,-122.67945833333333
45.575708333333324,-122.67945999999999
45.575709999999994,-122.67946333333333
45.57571333333333,-122.67946833333332
45.57571500000001,-122.67947333333335
45.575718333333334,-122.67948166666665
45.57572333333333,-122.67949500000002
45.57572666666667,-122.67951166666666
45.57573000000001,-122.67953166666666
45.57573333333333,-122.67955333333333
45.575735,-122.67957499999999
45.57573666666667,-122.67959666666665
45.57573833333333,-122.67961666666666
45.575739999999996,-122.67963499999999
45.575743333333335,-122.679655
45.575743333333335,-122.67967333333333
45.575743333333335,-122.67969166666666
45.575743333333335,-122.67970666666666
45.575743333333335,-122.67972166666665
45.575741666666666,-122.67973333333333
45.575741666666666,-122.679745
45.575739999999996,-122.67975333333334
45.57573833333333,-122.67976166666668
45.57573666666667,-122.67977
45.57573666666667,-122.67977833333335
45.57573666666667,-122.67978666666667
45.57573666666667,-122.67979666666666
45.57573833333333,-122.67980666666666
45.57573833333333,-122.67981666666668
45.575741666666666,-122.67982666666667
45.575743333333335,-122.679835
45.57574666666666,-122.67984166666665
45.57575,-122.67984833333334
45.575754999999994,-122.67985500000002
45.57576000000001,-122.67986
45.575765000000004,-122.67986333333334
45.57577166666667,-122.679865
45.57577833333333,-122.67986666666665
45.575786666666666,-122.67986833333335
45.575795,-122.67986833333335
45.57580333333333,-122.67987
45.57581333333333,-122.67987
45.57582333333333,-122.67987
45.575833333333335,-122.67987166666666
45.575844999999994,-122.67987166666666
45.575856666666674,-122.67987
45.57586833333333,-122.67986833333335
45.57588166666666,-122.67986666666665
45.57589333333333,-122.679865
45.57590333333333,-122.67986166666667
45.57591333333333,-122.67986
45.57591833333333,-122.67985833333333
45.57591833333333,-122.67985500000002
45.575919999999996,-122.67985500000002
45.575921666666666,-122.67985333333333
45.57592666666666,-122.67985166666668
45.57593166666667,-122.67985166666668
45.57593833333333,-122.67984999999999
45.575945000000004,-122.67984833333334
45.57595333333334,-122.67984833333334
45.57596166666667,-122.67984666666668
45.575970000000005,-122.67984333333334
45.57597666666667,-122.67984
45.57598666666666,-122.67983833333334
45.57599666666667,-122.67983666666666
45.57600666666667,-122.67983666666666
45.57601666666666,-122.67983833333334
45.576026666666664,-122.67983833333334
45.576036666666674,-122.67983833333334
45.57604666666666,-122.67983833333334
45.576055,-122.67983833333334
45.57606666666667,-122.67984
45.57607666666666,-122.67984166666665
45.57608833333334,-122.67984166666665
45.5761,-122.67984166666665
45.576113333333325,-122.67984833333334
45.57612833333333,-122.67985166666668
45.57614333333333,-122.67985333333333
45.57615666666667,-122.67985666666667
45.576170000000005,-122.67985666666667
45.57618166666666,-122.67985833333333
45.57618833333333,-122.67985833333333
45.576193333333336,-122.67985833333333
45.576195000000006,-122.67985833333333
45.57619666666666,-122.67985833333333
45.57619666666666,-122.67986
45.57619666666666,-122.67986166666667
45.57619666666666,-122.67986333333334
45.57619666666666,-122.679865
45.57619666666666,-122.67986833333335
45.576195000000006,-122.67987
45.576195000000006,-122.67987166666666
45.576193333333336,-122.679875
45.576193333333336,-122.67987666666667
45.576193333333336,-122.67987666666667
45.576193333333336,-122.67987833333333
45.576193333333336,-122.67987833333333
45.576195000000006,-122.67987833333333
45.57619666666666,-122.67987833333333
45.57619833333333,-122.67987833333333
45.57620166666667,-122.67987999999998
45.576206666666664,-122.67987999999998
45.576213333333335,-122.67987999999998
45.57622333333334,-122.67987999999998
45.576235,-122.67987999999998
45.57624666666667,-122.67988166666667
45.576261666666674,-122.67987833333333
45.57627666666667,-122.67987833333333
45.57629166666667,-122.67987666666667
45.576306666666675,-122.67987833333333
45.57632,-122.67987833333333
45.57633333333333,-122.67987999999998
45.576348333333335,-122.67988166666667
45.57636166666666,-122.67988333333332
45.57637666666666,-122.67988333333332
45.57639166666666,-122.67988333333332
45.57640500000001,-122.67988333333332
45.576420000000006,-122.67988166666667
45.57643500000001,-122.67988166666667
45.57645000000001,-122.67988166666667
45.576465000000006,-122.67987999999998
45.57648000000001,-122.67987833333333
45.57649500000001,-122.67987833333333
45.576510000000006,-122.67987666666667
45.57652500000001,-122.679875
45.576541666666664,-122.679875
45.57655666666666,-122.67987666666667
45.57657166666666,-122.67987666666667
45.576586666666664,-122.67987666666667
45.57660166666666,-122.67987833333333
45.57661666666666,-122.67987999999998
45.57662833333334,-122.67988166666667
45.57663833333333,-122.67988166666667
45.57664833333333,-122.67988333333332
45.576658333333334,-122.67988500000001
45.576665000000006,-122.67988666666666
45.57666833333333,-122.67988666666666
45.57666833333333,-122.67988666666666
45.576666666666675,-122.67988666666666
45.576665000000006,-122.67988666666666
45.576665000000006,-122.67988666666666
45.576666666666675,-122.67988833333332
45.57667,-122.67988833333332
45.576674999999994,-122.67989000000001
45.57668,-122.67989166666666
45.57668666666667,-122.67989333333335
45.576695,-122.679895
45.576703333333334,-122.67989833333334
45.576711666666675,-122.67990333333334
45.576719999999995,-122.67990999999999
45.57672833333333,-122.67991833333332
45.57673499999999,-122.67992833333334
45.57674,-122.67993999999999
45.57674166666667,-122.67994833333333
45.576744999999995,-122.67995333333334
45.576744999999995,-122.679955
45.576744999999995,-122.679955
45.576744999999995,-122.67995666666665
45.576746666666665,-122.67996
45.576746666666665,-122.67996333333333
45.576748333333335,-122.67997166666667
45.57675166666666,-122.679985
45.576753333333336,-122.67999999999999
45.576755000000006,-122.680015
45.576756666666675,-122.68002833333334
45.57675833333333,-122.68004166666667
45.57676166666667,-122.680055
45.576764999999995,-122.68006833333332
45.57677,-122.68008
45.57677666666667,-122.68009500000001
45.57678666666667,-122.68010833333334
45.576798333333336,-122.68011999999999
45.576811666666664,-122.68012833333333
45.57682833333333,-122.68013333333334
45.576845000000006,-122.68013666666666
45.57686166666667,-122.68014
45.576878333333326,-122.68014333333333
45.57689666666667,-122.680145
45.57691333333334,-122.68014666666667
45.576928333333335,-122.68014833333334
45.57694166666667,-122.68014833333334
45.57695166666667,-122.68014999999998
45.57695833333334,-122.68014999999998
45.576965,-122.68014999999998
45.576971666666665,-122.68015166666667
45.57697666666666,-122.68015166666667
45.576980000000006,-122.68015166666667
45.57698333333333,-122.68015166666667
45.576985,-122.68015166666667
45.576985,-122.68015333333332
45.576985,-122.68015333333332
45.576985,-122.68015166666667
45.576985,-122.68015166666667
45.576985,-122.68015166666667
45.57698333333333,-122.68014999999998
45.57698333333333,-122.68014999999998
45.57698333333333,-122.68014999999998
45.57698333333333,-122.68014999999998
45.57698333333333,-122.68014833333334
45.57698666666667,-122.68014833333334
45.576991666666665,-122.68014666666667
45.57699833333333,-122.680145
45.57700499999999,-122.68013833333335
45.577013333333326,-122.68013333333334
45.57702166666666,-122.68012833333333
45.57702833333333,-122.68012500000002
45.57703333333334,-122.68012166666668
45.577036666666665,-122.68011999999999
45.577036666666665,-122.68011999999999
45.577036666666665,-122.68011999999999
45.577038333333334,-122.68012166666668
45.577038333333334,-122.68012166666668
45.577040000000004,-122.68011999999999
45.57704166666667,-122.68011999999999
45.57704333333333,-122.68011833333334
45.57704999999999,-122.68011499999999
45.57705666666667,-122.68011
45.57706499999999,-122.680105
45.577075,-122.68009666666667
45.57708666666667,-122.68008666666668
45.57709833333333,-122.68007333333335
45.577108333333335,-122.680055
45.577115000000006,-122.68003500000002
45.57712,-122.68001000000001
45.57712166666667,-122.67998166666666
45.577124999999995,-122.67995166666667
45.577124999999995,-122.67991500000001
45.577126666666665,-122.67987666666667
45.577128333333334,-122.67983333333335
45.57713166666667,-122.67978999999998
45.57713166666667,-122.679745
45.57713333333333,-122.67969666666667
45.577135,-122.67964666666667
45.57713666666667,-122.67959333333334
45.57713999999999,-122.67953833333334
45.57714333333333,-122.67948166666665
45.57714333333333,-122.67942166666666
45.57714666666667,-122.67936166666665
45.577149999999996,-122.67929833333334
45.577151666666666,-122.67923333333334
45.577153333333335,-122.67916833333332
45.57715499999999,-122.67910166666667
45.57715666666666,-122.67903333333334
45.57715833333334,-122.678965
45.57715833333334,-122.67889500000001
45.577160000000006,-122.67882666666668
45.577161666666676,-122.67875666666666
45.577161666666676,-122.67868500000002
45.57716333333333,-122.678615
45.57716333333333,-122.67854333333335
45.577165,-122.67847166666667
45.577165,-122.67839833333333
45.577165,-122.67832500000002
45.57716666666667,-122.67825166666668
45.57716666666667,-122.67817833333332
45.57716666666667,-122.67810333333334
45.57716666666667,-122.67802833333332
45.57716833333334,-122.67795333333333
45.57716833333334,-122.67787833333333
45.57716833333334,-122.67780333333333
45.577169999999995,-122.67772833333332
45.577169999999995,-122.67765166666668
45.577171666666665,-122.67757666666667
45.577171666666665,-122.6775
45.577171666666665,-122.67742333333332
45.577173333333334,-122.67734666666665
45.577173333333334,-122.67727000000001
45.577173333333334,-122.67719166666666
45.577173333333334,-122.67711499999999
45.577175000000004,-122.67703666666667
45.577175000000004,-122.67695833333333
45.577175000000004,-122.67687833333333
45.577175000000004,-122.67679833333335
45.577176666666674,-122.67671999999999
45.577176666666674,-122.67664
45.577176666666674,-122.67656000000001
45.57717833333333,-122.67648
45.57717833333333,-122.67640000000002
45.57718,-122.67632
45.57717833333333,-122.67624166666668
45.57717833333333,-122.67616333333332
45.577176666666674,-122.676085
45.577176666666674,-122.67600833333333
45.577175000000004,-122.67593333333335
45.577175000000004,-122.67586000000001
45.577173333333334,-122.67578833333333
45.577173333333334,-122.67571666666666
45.577173333333334,-122.67564666666667
45.577173333333334,-122.67557833333333
45.577173333333334,-122.67551
45.577173333333334,-122.67544333333332
45.577173333333334,-122.67537833333333
45.577173333333334,-122.67531666666667
45.577173333333334,-122.67525666666667
45.577171666666665,-122.67520166666667
45.577171666666665,-122.67515
45.577171666666665,-122.67510166666668
45.577169999999995,-122.67505833333334
45.57716833333334,-122.67502
45.57716833333334,-122.67498666666667
45.57716833333334,-122.67495500000001
45.57716666666667,-122.67492833333333
45.577161666666676,-122.67490333333332
45.57715499999999,-122.67488
45.577145,-122.67486166666667
45.57713333333333,-122.67484666666665
45.57711833333333,-122.67483666666666
45.57710166666667,-122.67482999999999
45.577081666666665,-122.674825
45.577059999999996,-122.67482
45.577036666666665,-122.67481833333335
45.57701,-122.67481666666666
45.57698333333333,-122.67481500000001
45.576955,-122.67481500000001
45.576924999999996,-122.67481333333332
45.57689333333333,-122.67481166666667
45.57686,-122.67481166666667
45.57682499999999,-122.67481000000001
45.576789999999995,-122.67481000000001
45.576755000000006,-122.67481000000001
45.576719999999995,-122.67481000000001
45.57668333333333,-122.67481166666667
45.57664666666666,-122.67481333333332
45.576609999999995,-122.67481333333332
45.57657166666666,-122.67481666666666
45.57653333333333,-122.67481833333335
45.57649333333334,-122.67482166666666
45.57645333333333,-122.674825
45.57641333333333,-122.67482833333334
45.576373333333336,-122.67482999999999
45.57633333333333,-122.67483166666668
45.576294999999995,-122.67483500000002
45.57625500000001,-122.67483666666666
45.576215000000005,-122.67483833333333
45.57617666666667,-122.67483833333333
45.57614,-122.67483833333333
45.576103333333336,-122.67483666666666
45.576068333333325,-122.67483500000002
45.576033333333335,-122.67483500000002
45.57599833333334,-122.67483500000002
45.575966666666666,-122.67483500000002
45.575934999999994,-122.67483500000002
45.57590333333333,-122.67483500000002
45.57587166666667,-122.67483666666666
45.57584,-122.67483666666666
45.57580666666666,-122.67483666666666
45.57577500000001,-122.67483666666666
45.575739999999996,-122.67483833333333
45.575705,-122.67483833333333
45.57567000000001,-122.67484
45.57563333333333,-122.67484166666667
45.57559666666666,-122.67484333333331
45.575559999999996,-122.674845
45.57552333333333,-122.67484666666665
45.57548499999999,-122.67484833333334
45.575448333333334,-122.67485
45.57541166666667,-122.67485333333335
45.57537166666666,-122.674855
45.575334999999995,-122.67485666666668
45.57529833333333,-122.67485833333333
45.57525999999999,-122.67486166666667
45.57522166666666,-122.67486500000001
45.57518166666667,-122.67486833333332
45.57514166666667,-122.67487000000001
45.57510166666666,-122.67487000000001
45.57506,-122.67487166666666
45.575019999999995,-122.67487000000001
45.574980000000004,-122.67486833333332
45.57494,-122.67486500000001
45.57489999999999,-122.67486166666667
45.57485833333333,-122.67485833333333
45.57481833333333,-122.67485333333335
45.57477666666667,-122.67485
45.57473666666667,-122.67484666666665
45.574695000000006,-122.67484666666665
45.57465333333333,-122.674845
45.57461333333334,-122.674845
45.574571666666664,-122.674845
45.57453,-122.67484666666665
45.57448833333333,-122.67484833333334
45.574448333333336,-122.67484833333334
45.57440666666666,-122.67484833333334
45.57436666666668,-122.67485
45.574325,-122.67485
45.57428333333334,-122.67485
45.574241666666666,-122.67485
45.574198333333335,-122.67485
45.574156666666674,-122.67485166666665
45.574115,-122.67485166666665
45.57407166666667,-122.67485333333335
45.57402999999999,-122.67485333333335
45.57398833333333,-122.674855
45.57394666666667,-122.674855
45.573906666666666,-122.674855
45.57386666666666,-122.674855
45.573826666666676,-122.67485666666668
45.57378833333334,-122.67485666666668
45.573750000000004,-122.67485666666668
45.57371166666667,-122.67485666666668
45.57367333333333,-122.67485666666668
45.573634999999996,-122.67485666666668
45.57359499999999,-122.67485666666668
45.573556666666676,-122.67485666666668
45.57351833333334,-122.67485833333333
45.573478333333334,-122.67485833333333
45.57344,-122.67485833333333
45.57340000000001,-122.67485833333333
45.57336,-122.67485833333333
45.573319999999995,-122.67485666666668
45.573280000000004,-122.67485666666668
45.573240000000006,-122.67485666666668
45.5732,-122.67485666666668
45.57316000000001,-122.67485833333333
45.57311833333333,-122.67486
45.57307833333333,-122.67486
45.573038333333336,-122.67486166666667
45.57299833333333,-122.67486333333333
45.572958333333325,-122.67486333333333
45.572916666666664,-122.67486333333333
45.57287666666666,-122.67486500000001
45.572836666666674,-122.67486500000001
45.57279666666667,-122.67486500000001
45.57275666666666,-122.67486666666667
45.57271666666667,-122.67486666666667
45.572676666666666,-122.67486833333332
45.57263666666666,-122.67486833333332
45.57259666666667,-122.67486833333332
45.572554999999994,-122.67487000000001
45.572509999999994,-122.67487000000001
45.572463333333324,-122.67487166666666
45.572418333333324,-122.67487166666666
45.57237333333334,-122.67487333333332
45.57232833333334,-122.67487333333332
45.572284999999994,-122.67487333333332
45.57224166666666,-122.67487333333332
45.57219833333333,-122.67487333333332
45.57215833333333,-122.67487333333332
45.57211833333334,-122.67487166666666
45.57207833333334,-122.67487166666666
45.57204,-122.67487166666666
45.571999999999996,-122.67487166666666
45.571960000000004,-122.67487166666666
45.57192,-122.67487333333332
45.57187999999999,-122.67487333333332
45.57184,-122.67487166666666
45.57179833333333,-122.67487000000001
45.57175666666667,-122.67487166666666
45.571715,-122.67487166666666
45.57167333333334,-122.67487166666666
45.57163166666666,-122.67487333333332
45.57159,-122.67487333333332
45.57154666666667,-122.67487333333332
45.57150166666667,-122.67487333333332
45.57145833333334,-122.67487333333332
45.571414999999995,-122.67487333333332
45.571373333333334,-122.674875
45.571328333333334,-122.674875
45.571285,-122.67487666666666
45.57124,-122.67487833333334
45.57119666666667,-122.67488
45.57115166666667,-122.67488
45.57110666666667,-122.67488166666665
45.57106166666667,-122.67488166666665
45.57101833333333,-122.67488166666665
45.57097333333333,-122.67488333333334
45.57093166666667,-122.67488333333334
45.57089166666666,-122.67488333333334
45.570853333333325,-122.67488333333334
45.570816666666666,-122.67488333333334
45.57077833333333,-122.67488499999999
45.57073833333334,-122.67488499999999
45.5707,-122.67488833333333
45.570661666666666,-122.67488999999999
45.57062333333333,-122.67489166666668
45.570583333333325,-122.67489166666668
45.57054333333334,-122.67489166666668
45.570505000000004,-122.67489333333333
45.57046666666667,-122.67489333333333
45.57043,-122.67489500000002
45.570393333333335,-122.67489666666667
45.570358333333324,-122.67490000000001
45.570325000000004,-122.67490333333332
45.57029333333333,-122.67490500000001
45.57026166666666,-122.67490666666666
45.57023000000001,-122.67490833333335
45.57020166666666,-122.67491
45.570175,-122.67491
45.57015166666667,-122.67491
45.57013,-122.67491166666666
45.57011333333333,-122.67491166666666
45.570100000000004,-122.67491166666666
45.57009166666667,-122.67491166666666
45.570088333333324,-122.67491166666666
45.570086666666676,-122.67491166666666
45.570085,-122.67491166666666
45.570085,-122.67491
45.570085,-122.67491
45.570085,-122.67491
45.570085,-122.67490833333335
45.570085,-122.67490833333335
45.570085,-122.67490833333335
45.570085,-122.67490833333335
45.570085,-122.67490833333335
45.570085,-122.67490833333335
45.570085,-122.67490833333335
45.570085,-122.67490833333335
45.570085,-122.67490833333335
45.570085,-122.67490833333335
45.570085,-122.67490833333335
45.570085,-122.67490833333335
45.570086666666676,-122.67490833333335
45.570086666666676,-122.67490833333335
45.570086666666676,-122.67490833333335
45.570086666666676,-122.67490833333335
45.570086666666676,-122.67490833333335
45.570086666666676,-122.67490833333335
45.570086666666676,-122.67490833333335
45.570086666666676,-122.67490833333335
45.570086666666676,-122.67490666666666
45.570088333333324,-122.67490666666666
45.570088333333324,-122.67490666666666
45.570088333333324,-122.67490666666666
45.570086666666676,-122.67490500000001
45.570088333333324,-122.67490500000001
45.570088333333324,-122.67490500000001
45.570088333333324,-122.67490500000001
45.570088333333324,-122.67490500000001
45.570086666666676,-122.67490500000001
45.570085,-122.67490500000001
45.570078333333335,-122.67490500000001
45.57006833333333,-122.67490333333332
45.57005666666667,-122.67490333333332
45.570045,-122.67490500000001
45.570031666666665,-122.67491
45.57002000000001,-122.67491666666668
45.570006666666664,-122.67492666666666
45.56999333333333,-122.67494333333335
45.569983333333326,-122.67496333333332
45.56997500000001,-122.67498666666667
45.56997166666667,-122.67501499999999
45.56997166666667,-122.67504833333332
45.56997166666667,-122.67508166666667
45.56997333333334,-122.67512
45.56997500000001,-122.67515999999999
45.56997666666666,-122.675205
45.56997833333333,-122.67525333333333
45.56998,-122.675305
45.56998,-122.67535833333335
45.56998,-122.675415
45.56998,-122.675475
45.56998,-122.67553833333335
45.56998,-122.67560166666665
45.56998,-122.67566833333333
45.56998,-122.67573499999999
45.56998,-122.67580166666667
45.56998,-122.67586666666666
45.56998166666667,-122.67593000000001
45.56998166666667,-122.67599333333334
45.56998166666667,-122.67605499999999
45.56998,-122.676115
45.56998166666667,-122.676175
45.56998166666667,-122.67623166666665
45.56998166666667,-122.67628833333335
45.56998,-122.67634333333332
45.56998,-122.67639666666668
45.56997833333333,-122.67644999999999
45.56997500000001,-122.67649833333334
45.56997333333334,-122.67654333333333
45.56997,-122.67658166666666
45.56996833333333,-122.67660833333333
45.56996666666667,-122.67662333333334
45.56996666666667,-122.67663499999999
45.569965,-122.67664666666666
45.569965,-122.67666499999999
45.569965,-122.67669
45.569965,-122.67671833333334
45.569963333333334,-122.67675166666668
45.569963333333334,-122.67678666666667
45.569961666666664,-122.67682666666666
45.569961666666664,-122.67687
45.56996000000001,-122.67691500000001
45.56995833333334,-122.67696333333333
45.56995666666667,-122.67701333333335
45.56995666666667,-122.67706666666666
45.569955,-122.67712000000002
45.569955,-122.67717666666667
45.56995333333332,-122.67723333333333
45.56995333333332,-122.67729166666668
45.569951666666675,-122.67735166666668
45.569951666666675,-122.67741166666669
45.569951666666675,-122.67747333333334
45.56995,-122.67753499999999
45.56995,-122.67759833333334
45.56994833333333,-122.67765833333333
45.56994833333333,-122.67771833333333
45.56994666666666,-122.67777833333334
45.56994666666666,-122.67783499999999
45.569945000000004,-122.67789333333333
45.569945000000004,-122.67795166666669
45.569945000000004,-122.67801
45.56994666666666,-122.67806833333334
45.56994833333333,-122.678125
45.56994833333333,-122.67818000000001
45.56994666666666,-122.67823500000002
45.56994666666666,-122.67828833333333
45.56994666666666,-122.67834166666668
45.56994666666666,-122.67839333333335
45.56994666666666,-122.67844500000001
45.56994666666666,-122.67849833333334
45.56994666666666,-122.67855333333334
45.56994666666666,-122.67860833333334
45.56994666666666,-122.67866666666666
45.56994666666666,-122.678725
45.56994666666666,-122.678785
45.56994666666666,-122.67884666666666
45.56994666666666,-122.67890833333334
45.56994666666666,-122.67897333333333
45.56994666666666,-122.67903666666668
45.56994666666666,-122.67910333333333
45.56994666666666,-122.67916833333332
45.56994666666666,-122.679235
45.56994666666666,-122.67930166666665
45.56994666666666,-122.67936999999999
45.56994666666666,-122.67943833333332
45.56994666666666,-122.67950833333335
45.56994666666666,-122.67957833333334
45.56994666666666,-122.67964833333332
45.56994666666666,-122.67971833333334
45.56994666666666,-122.67978833333333
45.569945000000004,-122.67985833333333
45.569945000000004,-122.67993
45.569943333333335,-122.67999999999999
45.569943333333335,-122.68007333333335
45.569943333333335,-122.680145
45.569943333333335,-122.68021666666667
45.569941666666665,-122.68028666666666
45.569941666666665,-122.68035499999999
45.569941666666665,-122.68042333333332
45.569941666666665,-122.68049
45.569941666666665,-122.680555
45.569941666666665,-122.68061666666667
45.569943333333335,-122.68068
45.569943333333335,-122.68074
45.569943333333335,-122.6808
45.569943333333335,-122.68085666666666
45.569943333333335,-122.68091333333332
45.569941666666665,-122.68097000000002
45.569941666666665,-122.68102333333333
45.569941666666665,-122.68107833333333
45.569939999999995,-122.68113
45.569939999999995,-122.68118166666666
45.569941666666665,-122.68123333333332
45.569941666666665,-122.68128333333334
45.569941666666665,-122.68133166666667
45.569941666666665,-122.68137999999999
45.569941666666665,-122.681425
45.569941666666665,-122.68146833333334
45.569941666666665,-122.68151000000002
45.569941666666665,-122.68154666666666
45.569941666666665,-122.68158166666666
45.569943333333335,-122.681615
45.569943333333335,-122.68164333333334
45.569943333333335,-122.68167
45.569943333333335,-122.68169166666667
45.569943333333335,-122.68171166666667
45.569941666666665,-122.68173
45.569941666666665,-122.68174666666667
45.569939999999995,-122.68176166666666
45.569939999999995,-122.68177333333333
45.569938333333326,-122.681785
45.569938333333326,-122.68179666666668
45.569938333333326,-122.68180666666667
45.569938333333326,-122.68181666666666
45.56993666666667,-122.68182333333334
45.56993666666667,-122.68182833333334
45.56993666666667,-122.68182833333334
45.56993666666667,-122.68182833333334
45.569935,-122.68182666666668
45.569935,-122.68182666666668
45.569935,-122.68182499999999
45.569935,-122.68182499999999
45.569935,-122.68182333333334
45.569935,-122.68182333333334
45.569935,-122.68182333333334
45.569935,-122.68182333333334
45.569935,-122.68182166666665
45.569935,-122.68182166666665
45.569935,-122.68182166666665
45.569935,-122.68182166666665
45.569935,-122.68182
45.569935,-122.68182
45.569935,-122.68182
45.569935,-122.68181833333334
45.56993666666667,-122.68181833333334
45.56993666666667,-122.68181833333334
45.569935,-122.68181666666666
45.569935,-122.68181666666666
45.569935,-122.681815
45.56993666666667,-122.681815
45.56993666666667,-122.681815
45.56993666666667,-122.68181333333332
45.56993666666667,-122.68181333333332
45.56993666666667,-122.68181333333332
45.56993666666667,-122.68181166666666
45.56993666666667,-122.68181166666666
45.56993666666667,-122.68181000000001
45.56993666666667,-122.68181000000001
45.56993666666667,-122.68181000000001
45.56993666666667,-122.68181000000001
45.56993666666667,-122.68181000000001
45.56993666666667,-122.68181000000001
45.56993666666667,-122.68181000000001
45.56993666666667,-122.68181000000001
45.56993666666667,-122.68181000000001
45.56993666666667,-122.68181000000001
45.56993666666667,-122.68181000000001
45.56993666666667,-122.68181000000001
45.56993666666667,-122.68181000000001
45.56993666666667,-122.68181000000001
45.56993666666667,-122.68181000000001
45.56993666666667,-122.68181000000001
45.56993666666667,-122.68181000000001
45.56993666666667,-122.68181000000001
45.56993666666667,-122.68181000000001
45.56993666666667,-122.68181000000001
45.56993666666667,-122.68181000000001
45.56993666666667,-122.68181000000001
45.56993666666667,-122.68181000000001
45.56993666666667,-122.68181000000001
45.56993666666667,-122.68181000000001
45.56993666666667,-122.68181000000001
45.56993666666667,-122.68181000000001
45.56993666666667,-122.68181000000001
45.56993666666667,-122.68181000000001
45.56993666666667,-122.68181000000001
45.56993666666667,-122.68181000000001
45.56993666666667,-122.68181000000001
45.56993666666667,-122.68181000000001
45.56993666666667,-122.68181000000001
45.56993666666667,-122.68181000000001
45.56993666666667,-122.68181000000001
45.56993666666667,-122.68181000000001
45.56993666666667,-122.68181000000001
45.56993666666667,-122.68181000000001
45.56993666666667,-122.68181000000001
45.56993666666667,-122.68181000000001
45.56993666666667,-122.68181000000001
45.56993666666667,-122.68181000000001
45.56993666666667,-122.68181333333332
45.56993666666667,-122.68181666666666
45.56993666666667,-122.68182333333334
45.56993666666667,-122.68183333333333
45.56993666666667,-122.68185166666666
45.56993666666667,-122.68187166666667
45.56993666666667,-122.68189666666667
45.56993666666667,-122.68192333333333
45.56993666666667,-122.68195333333333
45.56993666666667,-122.68198666666667
45.56993666666667,-122.68202333333332
45.56993666666667,-122.682065
45.56993666666667,-122.68211000000001
45.56993666666667,-122.68215666666669
45.569935,-122.68220500000001
45.569935,-122.68225499999998
45.569935,-122.68230666666665
45.569935,-122.68236
45.569935,-122.68241666666667
45.569935,-122.68247833333335
45.569935,-122.68254499999999
45.56993666666667,-122.68261333333334
45.56993666666667,-122.68268333333332
45.56993666666667,-122.68275666666665
45.569938333333326,-122.68283000000001
45.569939999999995,-122.68290666666665
45.569941666666665,-122.682985
45.569943333333335,-122.68306333333334
45.569945000000004,-122.68314333333335
45.56994666666666,-122.68322500000001
45.56994833333333,-122.68330666666667
45.569951666666675,-122.68338833333334
45.569955,-122.68347166666666
45.56995666666667,-122.68355500000001
45.56995833333334,-122.68363666666667
45.56996000000001,-122.68372
45.569961666666664,-122.68380499999999
45.569963333333334,-122.68388666666667
45.569963333333334,-122.68396833333333
45.569963333333334,-122.68404833333334
45.569963333333334,-122.68412833333332
45.569963333333334,-122.68420666666667
45.569963333333334,-122.684285
45.569963333333334,-122.68436500000001
45.569963333333334,-122.684445
45.569963333333334,-122.68452666666666
45.569963333333334,-122.68460833333332
45.569963333333334,-122.68468999999999
45.569963333333334,-122.68477
45.569965,-122.68485166666666
45.56996666666667,-122.68493166666667
45.56996666666667,-122.68501166666668
45.56996833333333,-122.68509166666666
45.56997,-122.68517166666668
45.56997166666667,-122.68525166666669
45.56997166666667,-122.68533333333335
45.56997333333334,-122.68541333333333
45.56997333333334,-122.68549333333334
45.56997500000001,-122.68557166666666
45.56997500000001,-122.68564833333333
45.56997500000001,-122.68572333333334
45.56997500000001,-122.68579666666668
45.56997500000001,-122.68586833333332
45.56997500000001,-122.68593833333334
45.56997666666666,-122.68600666666667
45.56997666666666,-122.68607500000002
45.56997666666666,-122.68614166666666
45.56997666666666,-122.68620666666666
45.56997666666666,-122.68627
45.56997666666666,-122.68633166666665
45.56997666666666,-122.68639333333334
45.56997666666666,-122.68645333333333
45.56997666666666,-122.68651
45.56997666666666,-122.686565
45.56997500000001,-122.68661333333333
45.56997500000001,-122.68666166666665
45.56997500000001,-122.68670833333333
45.56997333333334,-122.68675166666665
45.56997,-122.68679333333333
45.56996833333333,-122.68683000000001
45.56996833333333,-122.68686333333332
45.56996833333333,-122.686895
45.56997,-122.68692166666666
45.56997,-122.68694333333333
45.56997,-122.68696333333334
45.56997,-122.68697833333333
45.56997166666667,-122.68699
45.56997166666667,-122.68699833333334
45.56997166666667,-122.68700500000001
45.56997333333334,-122.68701166666666
45.56997333333334,-122.68701833333334
45.56997333333334,-122.68702333333334
45.56997333333334,-122.68703
45.56997333333334,-122.68703500000001
45.56997333333334,-122.68704000000001
45.56997333333334,-122.68704333333332
45.56997333333334,-122.687045
45.56997333333334,-122.68704666666666
45.56997500000001,-122.68704666666666
45.56997500000001,-122.687045
45.56997500000001,-122.687045
45.56997666666666,-122.687045
45.56997666666666,-122.68704333333332
45.56997666666666,-122.68704333333332
45.56997833333333,-122.68704333333332
45.56997833333333,-122.68704333333332
45.56997833333333,-122.68704166666666
45.56998,-122.68704166666666
45.56998,-122.68704166666666
45.56998,-122.68704166666666
45.56998,-122.68704000000001
45.56998,-122.68704000000001
45.56998,-122.68704000000001
45.56998,-122.68703833333332
45.56998,-122.68703833333332
45.56998166666667,-122.68703833333332
45.56998166666667,-122.68703833333332
45.56998166666667,-122.68703833333332
45.569983333333326,-122.68703666666667
45.569983333333326,-122.68703666666667
45.569983333333326,-122.68703666666667
45.569983333333326,-122.68703666666667
45.569983333333326,-122.68703666666667
45.569983333333326,-122.68703666666667
45.569984999999996,-122.68703666666667
45.569984999999996,-122.68703666666667
45.569984999999996,-122.68703666666667
45.569984999999996,-122.68703666666667
45.569984999999996,-122.68703833333332
45.569984999999996,-122.68704166666666
45.569984999999996,-122.68704666666666
45.569984999999996,-122.68705833333334
45.569984999999996,-122.68707666666666
45.569984999999996,-122.68709833333332
45.569983333333326,-122.68712333333333
45.569983333333326,-122.68715166666668
45.569983333333326,-122.68718166666667
45.56998166666667,-122.68721333333333
45.56998,-122.68725166666667
45.56997833333333,-122.68729
45.56997833333333,-122.68733333333333
45.56997666666666,-122.68738
45.56997666666666,-122.68743
45.56997666666666,-122.68748333333333
45.56997666666666,-122.68753999999998
45.56997666666666,-122.68759833333334
45.56997666666666,-122.68765833333333
45.56997833333333,-122.68772166666668
45.56997833333333,-122.68778499999999
45.56998,-122.68785166666666
45.56998166666667,-122.68792
45.56998166666667,-122.68799166666668
45.569983333333326,-122.68806166666667
45.569984999999996,-122.68813333333334
45.569986666666665,-122.68820666666667
45.569988333333335,-122.68828166666665
45.569986666666665,-122.68835499999999
45.569984999999996,-122.68843
45.569983333333326,-122.68850499999999
45.56997833333333,-122.68858166666665
45.56997333333334,-122.68865833333332
45.56997,-122.688735
45.56996666666667,-122.68881166666667
45.569965,-122.68888999999999
45.569965,-122.68896833333335
45.569965,-122.68904833333333
45.569965,-122.68912833333334
45.569965,-122.68920833333335
45.56996666666667,-122.68928833333332
45.56996666666667,-122.68936833333333
45.56996666666667,-122.68944666666667
45.56996833333333,-122.68952499999999
45.56997,-122.68960333333334
45.56997166666667,-122.68968333333332
45.56997333333334,-122.68976166666668
45.56997500000001,-122.68984
45.56997666666666,-122.68992000000001
45.56998,-122.68999833333334
45.56998166666667,-122.69007833333332
45.56998166666667,-122.69015833333333
45.56998166666667,-122.69023833333334
45.56998,-122.69031666666666
45.56997833333333,-122.69039666666667
45.56997500000001,-122.69047666666665
45.56997333333334,-122.690555
45.56997,-122.69063499999999
45.56996833333333,-122.690715
45.56996666666667,-122.69079500000001
45.56996666666667,-122.69087499999999
45.56996666666667,-122.690955
45.56996666666667,-122.69103666666666
45.56996833333333,-122.69111666666667
45.56997166666667,-122.6912
45.56997333333334,-122.69128333333335
45.56997500000001,-122.69136833333332
45.56997666666666,-122.691455
45.56997666666666,-122.69154166666667
45.56997666666666,-122.69162999999999
45.56997666666666,-122.69171833333333
45.56997666666666,-122.69180666666668
45.56997666666666,-122.69189499999999
45.56997666666666,-122.69198333333334
45.56997666666666,-122.69207166666665
45.56997666666666,-122.69216
45.56997666666666,-122.69224833333334
45.56997666666666,-122.69233666666666
45.56997666666666,-122.692425
45.56997500000001,-122.69251333333335
45.56997500000001,-122.69260166666666
45.56997500000001,-122.69269000000001
45.56997500000001,-122.69277833333332
45.56997333333334,-122.69286666666667
45.56997333333334,-122.69295500000001
45.56997333333334,-122.69304333333334
45.56997500000001,-122.69313333333334
45.56997500000001,-122.69322166666667
45.56997500000001,-122.69331166666667
45.56997500000001,-122.69339999999998
45.56997500000001,-122.69348833333333
45.56997500000001,-122.69357666666669
45.56997500000001,-122.693665
45.56997333333334,-122.69375333333333
45.56997500000001,-122.69384166666666
45.56997500000001,-122.69392833333335
45.56997500000001,-122.69401500000001
45.56997500000001,-122.69409833333333
45.56997500000001,-122.69418166666668
45.56997666666666,-122.69426166666666
45.56997666666666,-122.69434000000001
45.56997666666666,-122.69441499999999
45.56997833333333,-122.69448833333333
45.56997833333333,-122.69456
45.56998,-122.69462666666668
45.56998,-122.69469166666667
45.56998166666667,-122.69475166666668
45.56998166666667,-122.69480999999999
45.569983333333326,-122.69486333333334
45.569986666666665,-122.69491500000001
45.569988333333335,-122.69496166666667
45.569990000000004,-122.69500666666666
45.569990000000004,-122.69505
45.569990000000004,-122.69508833333333
45.569990000000004,-122.695125
45.569986666666665,-122.69516
45.569984999999996,-122.69519333333334
45.56998166666667,-122.69522333333335
45.56998,-122.69525166666666
45.56997666666666,-122.69527333333332
45.56997666666666,-122.69528833333334
45.56997500000001,-122.69530000000002
45.56997500000001,-122.69531
45.56997500000001,-122.69531833333333
45.56997500000001,-122.69532666666667
45.56997500000001,-122.69533500000001
45.56997500000001,-122.69534166666666
45.56997500000001,-122.695345
45.56997500000001,-122.69534833333334
45.56997500000001,-122.69534833333334
45.56997500000001,-122.69534833333334
45.56997500000001,-122.69534833333334
45.56997500000001,-122.69534833333334
45.56997500000001,-122.69534666666665
45.56997500000001,-122.69534666666665
45.56997500000001,-122.69534666666665
45.56997500000001,-122.69534666666665
45.56997666666666,-122.695345
45.56997666666666,-122.695345
45.56997666666666,-122.69534333333334
45.56997666666666,-122.69534333333334
45.56997666666666,-122.69534333333334
45.56997666666666,-122.69534166666666
45.56997666666666,-122.69534166666666
45.56997666666666,-122.69534166666666
45.56997666666666,-122.695345
45.56997666666666,-122.69534833333334
45.56997666666666,-122.69535333333333
45.56997666666666,-122.69535666666667
45.56997666666666,-122.69536166666667
45.56997666666666,-122.69536333333332
45.56997666666666,-122.69536333333332
45.56997666666666,-122.69536333333332
45.56997666666666,-122.69536166666667
45.56997666666666,-122.69536166666667
45.56997666666666,-122.69536166666667
45.56997666666666,-122.69536166666667
45.56997666666666,-122.69536166666667
45.56997666666666,-122.69536166666667
45.56997666666666,-122.69536166666667
45.56997666666666,-122.69536333333332
45.56997666666666,-122.69536333333332
45.56997666666666,-122.69536333333332
45.56997666666666,-122.69536333333332
45.56997666666666,-122.69536333333332
45.56997666666666,-122.69536333333332
45.56997666666666,-122.69536333333332
45.56997666666666,-122.69536500000001
45.56997666666666,-122.69536666666666
45.56997666666666,-122.69537166666666
45.56997666666666,-122.69537666666665
45.56997666666666,-122.69538666666668
45.56997500000001,-122.6954
45.56997166666667,-122.69541833333332
45.56996833333333,-122.69544166666668
45.569961666666664,-122.69546666666665
45.569951666666675,-122.69549166666665
45.56993666666667,-122.69551500000001
45.56992,-122.69553499999999
45.56990166666666,-122.69555333333334
45.56987833333333,-122.69556666666668
45.569855000000004,-122.69557833333334
45.569828333333334,-122.69558666666666
45.56980166666667,-122.69559166666667
45.569771666666675,-122.69559499999998
45.56974333333333,-122.69559833333332
45.569713333333326,-122.69560000000001
45.569681666666675,-122.69560000000001
45.56964833333333,-122.69560166666666
45.569615000000006,-122.69560333333332
45.569579999999995,-122.69560333333332
45.569545,-122.69560333333332
45.56950833333334,-122.69560333333332
45.56947333333333,-122.69560500000001
45.56943666666666,-122.69560500000001
45.569398333333325,-122.69560500000001
45.56936,-122.69560333333332
45.569321666666674,-122.69560166666666
45.56928166666667,-122.69559833333332
45.56924166666666,-122.69559666666667
45.56920166666667,-122.69559499999998
45.569161666666666,-122.69559333333333
45.56912333333333,-122.69559499999998
45.569086666666664,-122.69559666666667
45.56905,-122.69559666666667
45.56901333333334,-122.69559666666667
45.568975,-122.69559666666667
45.568938333333335,-122.69559499999998
45.56890166666667,-122.69559499999998
45.568865,-122.69559333333333
45.56882833333334,-122.69559166666667
45.56879000000001,-122.69559166666667
45.56875333333334,-122.69559
45.56871833333333,-122.69559
45.56868333333333,-122.69559
45.56864666666667,-122.69559
45.56861166666666,-122.69559
45.568576666666665,-122.69559
45.56854333333334,-122.69559166666667
45.568509999999996,-122.69559166666667
45.56847833333333,-122.69559166666667
45.56844666666666,-122.69559166666667
45.56841666666666,-122.69559166666667
45.56838833333333,-122.69559166666667
45.56836166666667,-122.69559166666667
45.56833666666667,-122.69559166666667
45.56831333333333,-122.69559333333333
45.56829333333334,-122.69559666666667
45.56827333333334,-122.69560500000001
45.56825666666667,-122.695615
45.56824166666667,-122.69563166666667
45.56822999999999,-122.69564999999999
45.56822166666667,-122.69567333333335
45.568214999999995,-122.69569666666666
45.56821333333334,-122.69572333333332
45.568214999999995,-122.69574833333333
45.568214999999995,-122.69577499999998
45.568218333333334,-122.69580333333333
45.568218333333334,-122.69583666666668
45.568220000000004,-122.69587166666666
45.56822166666667,-122.69590833333332
45.56822333333333,-122.69594666666666
45.56822333333333,-122.69598666666667
45.568225,-122.69602666666667
45.568225,-122.69606833333334
45.568225,-122.69611000000002
45.568225,-122.69615166666667
45.56822666666667,-122.69619166666668
45.56822666666667,-122.69623333333332
45.56822666666667,-122.69627333333334
45.56822833333334,-122.69631499999998
45.56822999999999,-122.69635500000001
45.56822999999999,-122.696395
45.56822999999999,-122.69643333333333
45.56822999999999,-122.69647166666667
45.56822999999999,-122.69651
45.56822999999999,-122.69654666666665
45.56822999999999,-122.69658333333334
45.56822833333334,-122.69661833333333
45.56822833333334,-122.696655
45.56822666666667,-122.69669
45.56822666666667,-122.69672333333334
45.56822666666667,-122.69675666666666
45.568225,-122.69679
45.568225,-122.69682166666668
45.56822333333333,-122.69685333333334
45.568225,-122.69688333333333
45.568225,-122.69691333333334
45.568225,-122.69694166666667
45.568225,-122.69697166666668
45.56822666666667,-122.69699833333334
45.568225,-122.69702666666666
45.56822666666667,-122.69705333333334
45.56822833333334,-122.69708166666666
45.56822833333334,-122.69710833333332
45.56822999999999,-122.69713333333333
45.56822999999999,-122.69715999999998
45.56823166666666,-122.69718499999999
45.56823333333333,-122.69721
45.568235,-122.69723333333334
45.568235,-122.69725666666666
45.568235,-122.69727999999999
45.56823666666666,-122.69730166666668
45.56823666666666,-122.69732333333334
45.56823666666666,-122.69734333333332
45.568238333333326,-122.69736333333334
45.568238333333326,-122.69738333333335
45.568238333333326,-122.69740333333333
45.56823666666666,-122.69742
45.56823666666666,-122.69743666666666
45.56823666666666,-122.69744833333334
45.56823666666666,-122.69745833333333
45.56823666666666,-122.69746500000001
45.56823666666666,-122.69746833333332
45.56823666666666,-122.69746833333332
45.56823666666666,-122.69747000000001
45.568238333333326,-122.69747333333335
45.568238333333326,-122.69747833333334
45.568238333333326,-122.69749166666666
45.56823666666666,-122.69751
45.568238333333326,-122.697535
45.568239999999996,-122.69756166666666
45.56824166666667,-122.69759166666667
45.56824166666667,-122.69762333333334
45.56824166666667,-122.69765666666666
45.56824166666667,-122.69769
45.56824166666667,-122.69772499999999
45.56824166666667,-122.69775999999999
45.56824166666667,-122.69779500000001
45.56824166666667,-122.69783000000001
45.56824166666667,-122.69786166666667
45.568239999999996,-122.697895
45.568239999999996,-122.69792833333334
45.568238333333326,-122.69796
45.568238333333326,-122.69799166666665
45.568239999999996,-122.69802333333334
45.568239999999996,-122.69805166666666
45.56824166666667,-122.69808166666665
45.56824166666667,-122.69811166666665
45.568239999999996,-122.69814166666666
45.568238333333326,-122.69817166666665
45.56823666666666,-122.69820166666665
45.56823666666666,-122.69823166666666
45.56823666666666,-122.69826166666665
45.568238333333326,-122.69829333333334
45.568238333333326,-122.698325
45.568239999999996,-122.69835666666668
45.568239999999996,-122.69838999999999
45.568239999999996,-122.69842166666668
45.56824166666667,-122.69845333333333
45.56824333333334,-122.69848333333333
45.56824333333334,-122.69851333333332
45.56824333333334,-122.69854166666667
45.56824333333334,-122.69856999999999
45.56824333333334,-122.69859833333334
45.56824333333334,-122.69862666666668
45.56824333333334,-122.69865499999999
45.56824333333334,-122.69868166666666
45.56824333333334,-122.69870833333334
45.56824333333334,-122.698735
45.56824166666667,-122.69876000000001
45.56824166666667,-122.69878500000002
45.56824166666667,-122.69881
45.56824166666667,-122.69883333333334
45.56824333333334,-122.69885666666666
45.568245,-122.69888
45.56824666666667,-122.69890166666667
45.56824666666667,-122.69892499999999
45.56824833333334,-122.69894833333335
45.568250000000006,-122.69897166666667
45.56825166666666,-122.69899500000001
45.56825333333333,-122.69901666666668
45.568255,-122.69904
45.56825666666667,-122.69906166666667
45.56825833333334,-122.69908166666667
45.568259999999995,-122.69910333333334
45.568259999999995,-122.69912166666667
45.568261666666665,-122.69914166666668
45.568261666666665,-122.69915999999999
45.568261666666665,-122.69917666666667
45.568261666666665,-122.69919
45.568261666666665,-122.69920166666667
45.568261666666665,-122.69921333333332
45.568261666666665,-122.69922333333334
45.568261666666665,-122.69923333333332
45.568261666666665,-122.69924166666667
45.568261666666665,-122.69924999999999
45.568261666666665,-122.69925666666668
45.568261666666665,-122.69926500000001
45.568261666666665,-122.69927166666666
45.568261666666665,-122.69928
45.568259999999995,-122.69928833333333
45.56825833333334,-122.69929666666667
45.56825333333333,-122.69930833333335
45.568245,-122.69932333333333
45.56823333333333,-122.69933833333334
45.568218333333334,-122.69935333333333
45.5682,-122.699365
45.56818,-122.69937499999999
45.568158333333336,-122.69938333333333
45.56813333333333,-122.69938666666667
45.56810833333334,-122.69939000000001
45.568079999999995,-122.69939333333332
45.56805166666666,-122.69939500000001
45.56802,-122.69939666666666
45.56798833333334,-122.69939833333335
45.56795666666667,-122.69939833333335
45.567923333333326,-122.69939833333335
45.567888333333336,-122.69939833333335
45.56785333333334,-122.69939833333335
45.56781833333333,-122.69939666666666
45.56778166666666,-122.69939666666666
45.567743333333325,-122.69939333333332
45.567705,-122.69939166666667
45.56766833333333,-122.69939000000001
45.567631666666664,-122.69939000000001
45.56759666666667,-122.69938833333332
45.56756166666667,-122.69938666666667
45.567528333333335,-122.69938666666667
45.567494999999994,-122.69938500000002
45.56746166666667,-122.69938333333333
45.567428333333325,-122.69938166666667
45.567396666666674,-122.69938166666667
45.567365,-122.69937999999999
45.56733333333333,-122.69937833333333
45.567301666666665,-122.69937666666668
45.56727166666666,-122.69937333333334
45.56724166666666,-122.69937166666665
45.567211666666665,-122.69936833333334
45.56718166666666,-122.69936666666666
45.56715333333333,-122.699365
45.567125000000004,-122.69936333333332
45.56709833333333,-122.69936000000001
45.567069999999994,-122.69935833333332
45.56704333333334,-122.69935666666667
45.567015000000005,-122.69935500000001
45.566988333333335,-122.69935166666667
45.56695833333333,-122.69934833333333
45.56693,-122.69934666666668
45.566900000000004,-122.69934333333335
45.56686833333333,-122.69933999999999
45.56683833333333,-122.69933666666665
45.566806666666665,-122.699335
45.56677333333334,-122.69933333333331
45.566741666666665,-122.69933
45.56670999999999,-122.69932666666666
45.56668,-122.69932333333333
45.566649999999996,-122.69931999999999
45.56661999999999,-122.699315
45.56659166666667,-122.69931
45.566563333333335,-122.69930666666666
45.56653500000001,-122.69930166666667
45.56650666666666,-122.69929666666667
45.56647666666666,-122.69929333333333
45.566446666666664,-122.69928833333333
45.56641833333333,-122.69928333333334
45.56639,-122.69927833333334
45.56636166666667,-122.69927166666666
45.566333333333326,-122.69926666666667
45.56630666666667,-122.69926166666667
45.566280000000006,-122.69925666666668
45.56625333333333,-122.69924999999999
45.56622666666667,-122.699245
45.566199999999995,-122.69924
45.56617333333334,-122.69923333333332
45.56614666666666,-122.69922666666668
45.56612,-122.69922
45.56609333333334,-122.69921333333332
45.566066666666664,-122.69920500000002
45.56604000000001,-122.69919833333333
45.566015,-122.69919
45.56598999999999,-122.69918333333332
45.565965000000006,-122.69917666666667
45.56594,-122.69917
45.565916666666666,-122.69916166666665
45.56589166666666,-122.69915666666665
45.56587,-122.69915
45.56584833333333,-122.69914333333332
45.565828333333336,-122.699135
45.56580666666667,-122.69912833333335
45.565783333333336,-122.69912166666667
45.56576166666667,-122.69911500000002
45.565740000000005,-122.69910666666668
45.56571833333334,-122.69909833333334
45.56569666666666,-122.69909000000001
45.56567666666667,-122.69908166666667
45.565655,-122.69907166666665
45.56563333333334,-122.69906
45.56561333333334,-122.69904833333334
45.56559333333333,-122.69903166666667
45.56557333333333,-122.69901499999999
45.565554999999996,-122.69899500000001
45.56553833333334,-122.69897
45.565524999999994,-122.69894333333335
45.565515000000005,-122.69891166666666
45.56550666666667,-122.69887666666666
45.56550166666666,-122.69883999999999
45.56549833333334,-122.69880166666665
45.56549666666667,-122.69876333333335
45.56549333333334,-122.69872333333333
45.56549333333334,-122.69868333333334
45.56549333333334,-122.69864166666666
45.56549499999999,-122.69860166666668
45.56549499999999,-122.69856333333334
45.56549666666667,-122.698525
45.56549833333334,-122.69848333333333
45.56550166666666,-122.69844666666668
45.56550333333333,-122.69841
45.56550666666667,-122.698375
45.56550833333334,-122.69834166666666
45.565509999999996,-122.69830833333332
45.565511666666666,-122.69827500000001
45.565513333333335,-122.69824333333332
45.565515000000005,-122.69821166666667
45.56551833333333,-122.69818
45.56552,-122.69814999999998
45.56552333333334,-122.69811999999999
45.56552666666666,-122.69809166666667
45.56553,-122.69806333333332
45.565535,-122.69803500000002
45.56553999999999,-122.69800666666667
45.56554500000001,-122.69798
45.56555166666667,-122.69795500000001
45.565558333333335,-122.69792833333334
45.565565,-122.69790333333334
45.56557166666666,-122.69787833333334
45.56557833333333,-122.69785333333333
45.56558333333334,-122.69783000000001
45.56559166666666,-122.69780666666665
45.56559833333334,-122.697785
45.565605000000005,-122.69776333333333
45.56561166666667,-122.69774166666666
45.56561833333333,-122.69772166666668
45.56562333333333,-122.69770500000001
45.56562833333334,-122.69769166666669
45.56563166666667,-122.69768166666667
45.56563500000001,-122.69767666666667
45.56563666666666,-122.69767333333333
45.56563833333333,-122.69767166666666
45.56564166666667,-122.69766833333333
45.56564333333334,-122.69766499999999
45.565644999999996,-122.69766
45.565650000000005,-122.697655
45.56565333333333,-122.69765000000001
45.565659999999994,-122.69764333333333
45.56566666666666,-122.69763666666668
45.56567666666667,-122.69762833333334
45.56568833333334,-122.69761833333332
45.56570333333334,-122.69760999999998
45.56571833333334,-122.69760333333333
45.565735,-122.69759833333335
45.56575333333333,-122.69759333333334
45.56577166666666,-122.69758833333331
45.56579166666667,-122.69758500000002
45.56581333333334,-122.69758500000002
45.56583333333333,-122.69758333333333
45.56585499999999,-122.69758166666666
45.56587666666666,-122.69757999999999
45.56589666666667,-122.69757666666668
45.565916666666666,-122.69757666666668
45.56593666666666,-122.69757666666668
45.56595666666667,-122.69757666666668
45.565974999999995,-122.69757666666668
45.56599333333334,-122.69757833333333
45.56601333333333,-122.69757833333333
45.56603166666667,-122.69757999999999
45.56605166666667,-122.69758166666666
45.566075,-122.69758666666667
45.566095,-122.69758833333331
45.566115,-122.69758833333331
45.56613333333333,-122.69758833333331
45.56615166666667,-122.69758833333331
45.56616833333332,-122.69759
45.56618666666667,-122.69759166666667
45.566203333333334,-122.69759166666667
45.56622000000001,-122.69759333333334
45.566235000000006,-122.69759333333334
45.56625166666666,-122.69759333333334
45.56626500000001,-122.69759333333334
45.56627666666667,-122.697595
45.56628666666667,-122.69759333333334
45.566295000000004,-122.69759333333334
45.56629833333333,-122.69759333333334
45.56630166666667,-122.69759333333334
45.56630333333332,-122.69759333333334
45.56630499999999,-122.69759333333334
45.56630833333334,-122.69759166666667
45.566311666666664,-122.69759
45.56631833333333,-122.69759
45.566325000000006,-122.69758833333331
45.566334999999995,-122.69758666666667
45.56634666666667,-122.69757999999999
45.566356666666664,-122.69756833333334
45.566365,-122.69755333333333
45.56637166666666,-122.69753333333334
45.566375,-122.69751
45.56637666666667,-122.69748499999999
45.566378333333326,-122.69745833333333
45.566383333333334,-122.69743166666667
45.56638833333333,-122.69740500000002
45.56639166666667,-122.69737833333332
45.56639166666667,-122.69735333333334
45.56639333333332,-122.69732833333335
45.56639499999999,-122.69730333333334
45.56639666666667,-122.69727666666668
45.56639833333334,-122.69724999999998
45.56639666666667,-122.69722166666666
45.56639666666667,-122.69719333333333
45.56639499999999,-122.69716333333332
45.56639333333332,-122.69713166666666
45.56639,-122.69710166666667
45.56639,-122.69707333333332
45.56638833333333,-122.69704333333333
45.56638666666666,-122.69701333333333
45.566385000000004,-122.69698500000001
45.566385000000004,-122.69695500000002
45.566385000000004,-122.69692666666667
45.566383333333334,-122.6969
45.566381666666665,-122.69687166666667
45.566378333333326,-122.69684666666666
45.56637666666667,-122.69681999999999
45.566375,-122.69679666666667
45.56637333333333,-122.69677166666666
45.56637166666666,-122.69674833333332
45.56637166666666,-122.696725
45.56636833333334,-122.69670166666668
45.56636333333333,-122.69668166666666
45.56635500000001,-122.696665
45.56634666666667,-122.69665000000002
45.566334999999995,-122.69663833333334
45.56632333333334,-122.69663
45.56631000000001,-122.69662333333332
45.56629666666666,-122.69662000000001
45.56628166666666,-122.69661666666667
45.56626500000001,-122.696615
45.566248333333334,-122.696615
45.56623,-122.696615
45.56621333333332,-122.696615
45.566195,-122.69661333333333
45.56617500000001,-122.69661333333333
45.566156666666664,-122.69661333333333
45.56613833333334,-122.69661333333333
45.56612,-122.69661333333333
45.56610333333333,-122.69661333333333
45.56608666666666,-122.69661166666668
45.56607,-122.69661333333333
45.566053333333336,-122.69661166666668
45.56603666666667,-122.69661333333333
45.566021666666664,-122.69661333333333
45.56600666666667,-122.696615
45.56599166666667,-122.69661666666667
45.565978333333334,-122.69661833333333
45.565963333333336,-122.69662000000001
45.56595000000001,-122.69662166666667
45.565931666666664,-122.69662166666667
45.56591333333334,-122.69662166666667
45.56589166666666,-122.69662333333332
45.56586833333334,-122.69662333333332
45.565841666666664,-122.69662333333332
45.56581500000001,-122.69662333333332
45.56578833333333,-122.69662666666666
45.56576,-122.69662833333332
45.565735,-122.69663
45.56571,-122.69663
45.565685,-122.69663166666666
45.565659999999994,-122.69663166666666
45.56563666666666,-122.69663
45.56561333333334,-122.69662833333332
45.56559000000001,-122.69662666666666
45.56556666666667,-122.69662500000001
45.56554333333334,-122.69662500000001
45.56552166666667,-122.69662500000001
45.56550000000001,-122.69662666666666
45.56547833333334,-122.69662666666666
45.56545833333333,-122.69662833333332
45.56543666666666,-122.69662833333332
45.56541666666667,-122.69662833333332
45.56539666666666,-122.69662833333332
45.565374999999996,-122.69662833333332
45.56535166666666,-122.69662833333332
45.565329999999996,-122.69662833333332
45.56530666666666,-122.69662833333332
45.56528166666667,-122.69662833333332
45.56525833333333,-122.69662833333332
45.56523333333333,-122.69662833333332
45.56520666666667,-122.69662833333332
45.56518166666667,-122.69662833333332
45.565155000000004,-122.69663
45.565129999999996,-122.69663
45.56510333333334,-122.69663166666666
45.56507833333333,-122.69663166666666
45.56505333333333,-122.69663166666666
45.56502833333334,-122.69663
45.565005000000006,-122.69663
45.56498166666667,-122.69663
45.56495833333334,-122.69662833333332
45.56493666666667,-122.69663
45.564915000000006,-122.69663
45.56489499999999,-122.69663166666666
45.56487333333333,-122.69663166666666
45.56485333333333,-122.69663166666666
45.56483333333334,-122.69663166666666
45.564814999999996,-122.69663166666666
45.56479833333333,-122.69663333333334
45.56478333333333,-122.69663333333334
45.564769999999996,-122.69663333333334
45.56475666666667,-122.696635
45.56474333333334,-122.696635
45.564733333333336,-122.69663333333334
45.564726666666665,-122.69663333333334
45.56472,-122.69663333333334
45.56471666666666,-122.696635
45.56471166666667,-122.696635
45.56470833333333,-122.696635
45.564703333333334,-122.696635
45.56469666666667,-122.69663333333334
45.56468666666667,-122.69663
45.564675,-122.69662500000001
45.56466,-122.69661833333333
45.564645000000006,-122.69660666666665
45.56462833333333,-122.69659333333333
45.564615,-122.69657666666666
45.564601666666675,-122.69655833333333
45.56459333333334,-122.69653833333332
45.56458666666667,-122.69651333333334
45.56458166666666,-122.69648666666666
45.56457833333334,-122.69645999999999
45.564575,-122.69642999999999
45.564575,-122.6964
45.56457166666667,-122.69636833333334
45.56457,-122.696335
45.564568333333334,-122.69630166666666
45.564568333333334,-122.69626666666666
45.564568333333334,-122.69623000000001
45.564568333333334,-122.69619166666668
45.564568333333334,-122.69615333333334
45.564568333333334,-122.69611666666667
45.564568333333334,-122.69608000000001
45.564568333333334,-122.69604333333334
45.564568333333334,-122.69600666666665
45.564566666666664,-122.69597166666667
45.564566666666664,-122.69593666666667
45.564566666666664,-122.69590333333332
45.564566666666664,-122.69587333333332
45.564564999999995,-122.695845
45.564564999999995,-122.69581833333335
45.56456333333334,-122.69579666666665
45.56456333333334,-122.69577666666667
45.56456333333334,-122.69576166666666
45.56456333333334,-122.69574833333333
45.56456166666667,-122.69573833333334
45.56456166666667,-122.69573
45.56456,-122.69572500000001
45.56456166666667,-122.69572333333332
45.56456333333334,-122.69572166666667
45.56456333333334,-122.69572000000001
45.56456333333334,-122.69571666666667
45.56456333333334,-122.69570999999999
45.56456333333334,-122.69570333333334
45.56456166666667,-122.69569333333332
45.564556666666675,-122.69568333333333
45.56454999999999,-122.69567333333335
45.56453833333333,-122.69566333333333
45.564523333333334,-122.69565499999999
45.56450499999999,-122.69565166666668
45.56448333333333,-122.69564833333334
45.56445999999999,-122.695645
45.564433333333334,-122.69564333333334
45.56440333333333,-122.69564166666666
45.564371666666666,-122.69564
45.56433833333334,-122.69563833333335
45.56430166666667,-122.69563833333335
45.56426499999999,-122.69563666666666
45.56422666666667,-122.69563500000001
45.564186666666664,-122.69563333333332
45.564146666666666,-122.69563166666667
45.564105000000005,-122.69563000000001
45.56406333333333,-122.69563000000001
45.56402166666667,-122.69562833333333
45.56398000000001,-122.69562833333333
45.56394,-122.69562833333333
45.56389833333333,-122.69562833333333
45.563856666666666,-122.69562833333333
45.563813333333336,-122.69563000000001
45.563770000000005,-122.69563000000001
45.563723333333336,-122.69563000000001
45.563676666666666,-122.69563166666667
45.563629999999996,-122.69563333333332
45.56358333333333,-122.69563333333332
45.56353666666667,-122.69563500000001
45.56349166666667,-122.69563500000001
45.563448333333326,-122.69563666666666
45.563404999999996,-122.69563666666666
45.563363333333335,-122.69563666666666
45.56332166666666,-122.69563833333335
45.56328166666667,-122.69563833333335
45.56324166666666,-122.69564
45.563201666666664,-122.69564333333334
45.56316166666667,-122.695645
45.56312333333334,-122.69564666666665
45.563085,-122.69564666666665
45.563044999999995,-122.69564666666665
45.56300833333333,-122.69564833333334
45.56297500000001,-122.69564833333334
45.562945000000006,-122.69564999999999
45.56291833333333,-122.69564999999999
45.56289666666667,-122.69565166666668
45.56287999999999,-122.69565333333334
45.562870000000004,-122.69565333333334
45.56286333333334,-122.69565333333334
45.56285833333333,-122.69565333333334
45.56285666666666,-122.69565333333334
45.56285666666666,-122.69565333333334
45.56285666666666,-122.69565333333334
45.56285666666666,-122.69565333333334
45.56285833333333,-122.69565333333334
45.56285833333333,-122.69565166666668
45.56286,-122.69565166666668
45.56286,-122.69565166666668
45.56286166666667,-122.69565166666668
45.56286166666667,-122.69565166666668
45.56286166666667,-122.69564999999999
45.56286333333334,-122.69564999999999
45.56286333333334,-122.69564999999999
45.56286333333334,-122.69564999999999
45.56286333333334,-122.69564999999999
45.56286333333334,-122.69564999999999
45.56286333333334,-122.69564833333334
45.56286333333334,-122.69564833333334
45.56286333333334,-122.69564833333334
45.562864999999995,-122.69564833333334
45.562864999999995,-122.69564666666665
45.562864999999995,-122.69564666666665
45.562864999999995,-122.69564666666665
45.562866666666665,-122.69564666666665
45.562866666666665,-122.69564666666665
45.562866666666665,-122.695645
45.562866666666665,-122.695645
45.562868333333334,-122.695645
45.562868333333334,-122.695645
45.562866666666665,-122.695645
45.56286333333334,-122.695645
45.56285833333333,-122.695645
45.56284833333334,-122.69564666666665
45.56283666666666,-122.69564999999999
45.562823333333334,-122.69565666666668
45.56280833333334,-122.69566833333334
45.56279333333334,-122.69568499999998
45.56278333333333,-122.69570666666665
45.562776666666664,-122.69573166666666
45.562774999999995,-122.69576
45.56277333333334,-122.69579166666666
45.56277333333334,-122.695825
45.56277333333334,-122.69586333333334
45.56277166666667,-122.69590333333332
45.56277,-122.695945
45.56277,-122.69598833333333
45.56276833333333,-122.69603333333335
45.56276666666666,-122.69607833333333
45.562763333333336,-122.696125
45.562763333333336,-122.69617000000001
45.562763333333336,-122.69621666666666
45.56276166666667,-122.69626333333332
45.56276166666667,-122.69631
45.56276,-122.69635666666666
45.56275833333334,-122.69640166666667
45.56275666666667,-122.69644666666666
45.56275666666667,-122.69649166666667
45.56275666666667,-122.69653500000001
45.56275666666667,-122.69657833333333
45.56275833333334,-122.69662000000001
45.56275833333334,-122.69666333333335
45.56275833333334,-122.696705
45.56275833333334,-122.69674666666667
45.56275666666667,-122.69678666666665
45.56275666666667,-122.69682833333333
45.562755,-122.69686833333331
45.562755,-122.69690833333334
45.56275666666667,-122.69694666666668
45.56275666666667,-122.69698500000001
45.562755,-122.69702333333335
45.562755,-122.69706166666668
45.562751666666664,-122.69709833333333
45.56275000000001,-122.69713500000002
45.56274833333334,-122.69717
45.56275000000001,-122.697205
45.562755,-122.69724
45.56275833333334,-122.69727333333334
45.56276166666667,-122.69730499999999
45.56276166666667,-122.69733166666668
45.56276166666667,-122.69735166666666
45.56276166666667,-122.69736666666668
45.56276166666667,-122.69737333333333
45.56276,-122.69737666666667
45.56276166666667,-122.69737833333332
45.56276166666667,-122.69738333333335
45.56276166666667,-122.69738833333334
45.56276166666667,-122.69739833333333
45.56276166666667,-122.69741333333334
45.56276166666667,-122.69743500000001
45.56276166666667,-122.69745666666668
45.562763333333336,-122.69748166666668
45.56276833333333,-122.69750333333334
45.56277333333334,-122.69752500000001
45.56278166666666,-122.69754499999999
45.56279166666666,-122.69756333333335
45.56280666666667,-122.69758333333333
45.56281833333334,-122.69760333333333
45.56283,-122.69762
45.562841666666664,-122.69763499999999
45.56285333333334,-122.69765166666666
45.562866666666665,-122.69766666666668
45.56287833333334,-122.69768333333334
45.56288833333333,-122.69769999999998
45.562900000000006,-122.697715
45.562909999999995,-122.69772999999999
45.56292,-122.69774333333335
45.56292833333334,-122.69775499999999
45.562935,-122.69776666666667
45.56294166666667,-122.69777500000001
45.56294666666666,-122.69778333333333
45.56295333333334,-122.69779333333332
45.562958333333334,-122.6978
45.56296166666666,-122.69780666666665
45.562965,-122.69781166666668
45.56296833333334,-122.69781666666668
45.56296999999999,-122.69782
45.56297333333334,-122.69782333333333
45.56297500000001,-122.69782666666667
45.562976666666664,-122.69782833333332
45.562978333333334,-122.69783000000001
45.562978333333334,-122.69783166666666
